 -0.644048 0.481907 1.116842
 -0.461402 0.316249 -0.573003
 -0.524141 -0.557621 -0.075032
 -0.611133 -0.586431 0.895250
 -0.171789 -0.009649 -3.092092
 -0.142388 -0.284799 -2.672178
 -0.133062 0.204726 -3.690765
 -0.037062 -0.876856 -3.734032
 -0.696865 -0.254531 1.543444
 -0.100385 -0.726813 -3.491621
 -0.211859 0.834330 -5.471149
 -0.159077 0.292408 -5.083398
 -0.275846 0.170081 -1.213703
 -0.348929 -0.468936 -1.185352
 -0.552591 0.242234 2.311461
 -0.638669 -0.138905 2.279988
 -0.400618 -0.333382 3.156136
 -0.128218 0.716686 -0.012374
 -0.112633 0.864079 0.858510
 -0.152890 -0.343176 -3.213619
 -0.190903 0.476108 -5.013201
 -0.582663 -0.106232 3.826624
 -0.268292 -0.633645 -0.373728
 -0.367447 -0.687642 1.192674
 -0.226336 0.700233 1.635550
 -0.116456 0.392210 -1.147960
 -0.220657 0.259170 2.868932
 -0.112312 0.088587 -2.691653
 -0.149013 0.213274 -2.338811
 -0.095840 -0.432039 -3.653583
 -0.336900 -0.490400 2.791965
 -0.203137 0.759545 -4.951908
 -0.089304 0.382122 -2.567450
 -0.130857 -0.453767 -1.804915
 -0.080010 1.596725 0.257396
 -0.137053 1.193469 0.128535
 -0.422100 -0.545012 -0.820533
 -0.474104 -0.425884 -0.787258
 -0.669237 -0.474820 1.613839
 -0.646944 -0.377358 0.827360
 -0.721396 -0.628735 -1.138973
 -1.250011 -0.686571 0.904148
 -1.376742 -0.659290 1.338951
 -1.382142 -0.504320 1.316547
 -1.289179 -0.552267 0.864913
 -1.928173 -0.795068 0.747216
 -1.914681 -0.761187 0.976988
 -1.220998 -0.081545 3.428451
 -0.509501 -0.257157 3.521129
 -1.113468 0.096595 2.716289
 -0.437726 0.157354 2.893328
 -0.513037 -0.212404 3.238441
 -0.502310 -0.114682 2.913718
 -1.218139 0.061141 2.997090
 -1.243844 -0.059758 2.975561
 -0.045317 0.255911 -2.085453
 -0.031957 -0.519210 -1.742083
 0.008015 0.774494 1.623984
 -0.072041 -0.627354 1.539553
 -0.021906 0.761823 -0.030365
 -0.031179 -0.715312 0.074822
 0.004222 -0.740226 1.051144
 -0.003582 0.876989 0.972256
 -0.057946 0.090525 -2.939843
 -0.055459 -0.329395 -2.750458
 -0.063429 0.073358 -3.287601
 -0.061722 -0.383961 -3.108677
 -0.093981 0.378661 -3.949024
 -0.057772 -0.461712 -3.715060
 -0.078146 0.184085 -3.630967
 -0.060363 -0.792390 -3.466711
 -0.143517 0.788887 -4.980702
 -0.141643 0.426030 -4.941210
 -0.150991 0.557501 -5.138430
 -0.168106 0.868048 -5.499491
 -0.168864 0.799768 -5.515495
 -0.147491 0.279809 -5.064617
 -0.031384 0.427261 -1.162047
 -0.015094 -0.598014 -1.111564
 0.027158 -0.658619 -0.529416
 -0.024564 0.558641 -0.680417
 -0.022073 0.465915 2.350890
 0.008898 -0.554286 2.288719
 -0.008349 0.263631 2.992345
 -0.006887 -0.543958 2.964910
 -0.006946 -0.102285 2.947014
 -0.016416 -0.352117 3.248177
 -0.012740 -0.303442 3.131270
 -0.037815 -0.097099 3.928744
 -0.027962 -0.260159 3.615392
 0.646942 0.481050 1.107586
 0.407980 0.318206 -0.580456
 0.500148 -0.556778 -0.109932
 0.615251 -0.586321 0.889469
 0.033485 0.009804 -3.260852
 0.011258 -0.949250 -3.765743
 0.101766 -0.271365 -2.218136
 0.695470 -0.256630 1.544436
 0.024112 -0.784578 -3.480127
 -0.122284 0.833991 -5.477046
 0.211500 0.168895 -1.221259
 0.355035 -0.540952 -0.843074
 0.399052 -0.409977 -0.815369
 0.531619 0.243090 2.333779
 0.550879 -0.384717 2.553771
 0.684767 -0.118734 2.316945
 0.372880 -0.323163 3.166732
 0.379548 -0.254976 3.578857
 0.083120 0.716769 -0.016269
 0.085710 0.885077 0.854183
 0.030332 -0.336957 -3.203356
 -0.100295 0.476777 -5.020225
 -0.137523 0.292834 -5.086531
 0.324237 -0.709887 0.855569
 0.240179 0.724878 1.640475
 0.054103 0.392210 -1.150426
 0.269275 0.341944 2.444487
 0.286054 -0.473936 -1.193795
 0.019116 0.113255 -2.739037
 0.011289 0.220632 -2.277161
 -0.026032 0.183125 -3.660618
 0.023966 -0.321831 -2.661951
 0.014407 -0.458519 -3.704198
 0.271801 -0.434090 2.030168
 -0.082225 0.771718 -5.005684
 -0.041802 0.321392 -2.233902
 -0.055538 0.206545 -2.773943
 -0.049032 0.415948 -2.332307
 -0.053208 0.405353 -2.608995
 -0.050424 0.508845 -2.423882
 -0.004312 0.349544 -2.445791
 -0.052904 0.574361 -2.589565
 -0.050216 -0.437996 -2.410984
 -0.178920 -0.537079 -1.148157
 0.047073 -0.455844 -1.809147
 -0.045685 -0.601597 -2.119186
 -0.023994 1.021148 0.062377
 -0.006705 1.102113 0.739757
 -0.024448 1.229298 0.027222
 -0.012959 1.424575 0.503966
 0.096442 1.200826 0.125890
 0.030709 1.661232 0.077398
 -0.026973 1.459114 -0.098940
 -0.021649 1.715257 0.113045
 -0.028415 1.728941 -0.230983
 0.660061 -0.634465 -1.131163
 1.221084 -0.011384 2.956378
 0.656918 -0.485650 1.619165
 0.643754 -0.377181 0.820204
 1.208093 -0.693952 0.851474
 1.384068 -0.690527 1.269598
 1.394689 -0.533126 1.252154
 1.250030 -0.560290 0.812799
 1.858086 -0.829871 0.614207
 1.871918 -0.804321 0.845037
 1.152335 -0.080471 3.500897
 1.094992 0.105046 2.779430
 0.450489 0.157905 2.910486
 -0.067313 -0.151082 3.142466
 -0.024255 0.084812 3.497485
 0.577876 -0.185803 3.191030
 0.336505 -0.106684 3.870667
 0.488511 -0.116812 2.945335
 1.231575 0.021078 3.171064
 1.160356 -0.125109 3.234231
 -0.179584 0.428656 2.356463
 -0.9856 -0.1646 -0.0388
 -0.9912 -0.0647 -0.1155
 -0.9975 -0.0662 0.0265
 -0.9989 -0.0453 0.0102
 -0.9912 -0.0945 0.0932
 -0.5506 0.8294 0.0943
 -0.8011 0.5948 -0.0675
 -0.5624 0.7935 -0.2326
 -0.4335 0.8709 0.2317
 -0.9784 0.1408 -0.1515
 -0.4033 0.8842 -0.2355
 -0.1997 0.9340 0.2962
 -0.7912 0.3959 -0.4660
 -0.7729 0.0738 -0.6302
 -0.9769 0.1701 -0.1295
 -0.9234 0.3520 0.1530
 -0.9994 -0.0251 0.0221
 -0.6402 -0.1293 -0.7573
 -0.5338 -0.4114 -0.7388
 -0.6169 -0.3486 -0.7056
 -0.8784 0.4766 0.0362
 -0.9854 0.1589 -0.0611
 0.3795 -0.9180 -0.1153
 -0.9785 0.1976 0.0589
 -0.2833 0.9418 -0.1813
 -0.4077 0.8852 -0.2239
 -0.5908 -0.4457 0.6725
 -0.3863 0.1188 0.9147
 -0.5683 0.0983 0.8169
 -0.0842 0.9623 0.2587
 -0.5020 -0.8588 0.1023
 0.9418 -0.2758 -0.1924
 0.9947 -0.0624 -0.0820
 0.9967 0.0661 -0.0477
 0.9973 -0.0208 -0.0709
 0.9903 0.0315 -0.1354
 0.9942 -0.0564 -0.0919
 0.5665 0.8222 0.0562
 0.7929 0.5972 -0.1211
 0.5558 0.7954 -0.2418
 0.2930 0.8220 0.4883
 0.5404 0.1863 -0.8205
 0.0118 0.9230 0.3847
 0.2978 0.9122 0.2813
 0.9940 0.1091 -0.0085
 0.3962 0.8844 -0.2468
 -0.0603 -0.8458 -0.5301
 0.9578 0.1767 -0.2265
 0.8998 0.3909 0.1937
 0.9603 0.0302 -0.2774
 0.9427 0.2412 0.2304
 -0.9999 0.0001 0.0150
 0.9599 0.2654 0.0906
 0.9857 0.1491 0.0791
 0.6082 -0.1309 -0.7829
 -0.9998 0.0044 0.0198
 0.5874 -0.3532 -0.7282
 0.7224 0.6913 0.0133
 0.9793 0.1229 -0.1608
 0.5838 -0.3511 0.7321
 0.2841 0.9467 -0.1521
 0.4479 0.0686 0.8915
 0.6611 0.0384 0.7493
 -0.3666 -0.1506 -0.9181
 0.0768 0.9588 0.2733
 0.7664 0.6286 -0.1325
 -0.0292 -0.9676 -0.2506
 0.0839 0.9172 0.3895
 0.9332 -0.2096 0.2920
 0.4790 -0.8773 0.0301
 -0.9863 -0.0674 -0.1504
 -0.9214 -0.3653 -0.1323
 -0.9759 -0.1975 -0.0934
 -0.9925 0.0231 -0.1200
 -0.9980 -0.0545 0.0325
 -0.9974 0.0354 -0.0635
 -0.9968 0.0284 -0.0744
 -0.9968 -0.0292 -0.0749
 -0.9482 0.0995 -0.3018
 -0.9865 0.1073 -0.1237
 -0.9845 0.1528 0.0861
 -0.9189 -0.3338 0.2105
 -0.9539 0.2165 0.2079
 -0.6388 0.7576 -0.1343
 -0.2992 0.8913 0.3407
 -0.7110 0.6124 -0.3456
 -0.8566 0.5012 -0.1224
 -0.4557 0.8783 0.1449
 -0.2516 0.8200 0.5141
 -0.8541 -0.0189 -0.5198
 -0.6303 0.1838 -0.7543
 -0.3522 0.8971 -0.2669
 -0.6047 0.7934 -0.0699
 -0.0467 0.9227 0.3827
 -0.2005 0.9672 -0.1558
 -0.5766 -0.6892 -0.4388
 -0.5504 0.7588 0.3481
 -0.2863 0.9454 0.1558
 -0.8754 -0.2941 0.3837
 -0.9445 -0.0389 -0.3263
 -0.8642 -0.4965 0.0815
 -0.0915 0.9420 0.3228
 -0.5645 -0.6823 -0.4644
 -0.7874 -0.4176 0.4534
 -0.0407 0.7076 0.7054
 -0.9270 0.2533 -0.2764
 -0.1886 0.2946 -0.9368
 -0.7934 0.5637 0.2299
 -0.8141 0.3877 0.4324
 -0.8228 0.3927 0.4109
 -0.6308 0.4918 0.6002
 -0.6322 0.5524 0.5434
 0.0281 -0.2921 -0.9560
 -0.9900 0.1131 0.0842
 -0.1441 0.7926 0.5925
 -0.3374 0.9292 -0.1509
 -0.3822 0.2374 0.8930
 -0.2680 0.9507 -0.1561
 0.2515 -0.2031 -0.9463
 0.2624 -0.1339 -0.9556
 -0.1566 0.9380 0.3092
 -0.9171 0.2502 -0.3103
 0.0398 -0.9723 -0.2304
 -0.1110 0.9903 0.0837
 0.9993 0.0037 -0.0379
 0.9780 -0.1723 -0.1177
 0.9882 0.0350 -0.1490
 0.9985 0.0269 -0.0487
 0.9970 0.0213 -0.0747
 0.9861 -0.0359 -0.1624
 0.9473 0.0918 -0.3068
 0.9820 0.1072 -0.1555
 0.9577 -0.2687 0.1031
 0.4176 0.8672 -0.2713
 0.9758 0.2064 0.0719
 0.9294 0.2857 0.2337
 0.9331 -0.2097 0.2921
 0.9075 -0.4154 0.0619
 0.6319 0.7588 -0.1579
 0.6226 0.7406 0.2529
 0.7056 0.6111 -0.3587
 0.7600 0.6388 -0.1198
 0.4153 0.8896 0.1898
 0.4166 -0.9086 0.0303
 0.4312 0.8967 0.0999
 -0.1220 0.0855 -0.9888
 0.3572 0.8939 -0.2708
 0.3769 0.9180 -0.1235
 0.2600 0.9512 -0.1663
 0.0346 -0.8109 -0.5842
 0.6298 0.7257 0.2769
 0.2107 0.8908 0.4025
 0.1753 0.9719 0.1573
 0.9152 -0.2838 0.2860
 0.8226 -0.0688 -0.5645
 -0.2930 -0.8738 0.3882
 0.3843 0.8745 0.2959
 0.5068 -0.6883 -0.5190
 0.5603 -0.4954 0.6638
 -0.9998 -0.0045 0.0217
 0.0002 0.7055 0.7088
 0.7910 0.5023 -0.3492
 -0.9994 -0.0224 0.0254
 0.9166 0.3417 0.2076
 -0.9999 -0.0001 0.0151
 -0.9997 0.0001 0.0249
 0.9996 -0.0282 0.0025
 0.1481 0.2959 -0.9437
 -0.9997 0.0016 0.0233
 0.6461 0.5527 0.5264
 0.3740 0.5521 0.7452
 0.8736 0.3820 0.3014
 0.5180 -0.4072 -0.7522
 -0.1038 -0.2792 -0.9546
 -0.3780 -0.9202 -0.1015
 0.3678 0.9162 -0.1590
 0.4463 0.2088 0.8702
 0.2969 0.9383 -0.1774
 -0.2089 -0.1515 -0.9661
 0.1135 0.9416 0.3172
 0.1148 0.9788 0.1698
 0.2051 0.9371 0.2826
 -0.1518 0.9447 0.2908
 0.2645 0.9173 0.2977
 -0.2403 0.9001 0.3634
 -0.5762 0.7784 0.2493
 -0.3522 -0.9337 -0.0640
 0.9509 -0.3036 -0.0600
 -0.6852 -0.7047 0.1840
 0.0183 -0.9795 -0.2006
 -0.4800 -0.8719 0.0966
 -0.0554 -0.9747 0.2166
 -0.3432 -0.9276 0.1473
 -0.1325 -0.9868 -0.0931
 -0.1390 -0.9846 -0.1058
 -0.9176 -0.3922 -0.0642
 -0.3382 -0.9283 -0.1548
 -0.6225 -0.7596 0.1886
 -0.0667 -0.8708 -0.4872
 -0.2287 -0.9301 -0.2875
 -0.2352 -0.9713 -0.0349
 0.3378 -0.9372 -0.0871
 0.8730 -0.4777 -0.0987
 -0.0749 -0.9856 0.1514
 0.4350 -0.9001 0.0239
 0.4469 -0.8938 0.0389
 0.0772 -0.9966 -0.0282
 0.9139 -0.3964 -0.0871
 -0.3143 -0.9369 -0.1531
 0.4003 -0.8710 -0.2848
 0.6856 -0.7160 0.1315
 -0.2649 -0.8428 -0.4684
 0.1116 -0.9866 -0.1189
 -0.3340 -0.9410 -0.0552
 -0.4576 -0.8814 0.1174
 -0.3900 -0.9069 -0.1595
 -0.2497 -0.8640 0.4373
 -0.1659 -0.9861 0.0112
 -0.3915 -0.9117 -0.1243
 0.0221 -0.9933 0.1133
 -0.1982 -0.9795 -0.0354
 0.0384 -0.9730 -0.2277
 -0.0793 -0.8932 0.4426
 -0.6026 -0.7627 -0.2347
 0.1770 -0.9734 0.1456
 0.1229 -0.9861 0.1117
 -0.2679 -0.8877 0.3744
 0.0058 -0.8576 -0.5142
 -0.1491 -0.9769 -0.1528
 -0.1131 -0.9665 -0.2302
 0.3970 -0.9149 -0.0728
 -0.0211 -0.9943 0.1050
 0.6071 -0.7517 -0.2579
 0.2086 -0.9592 0.1908
 -0.0074 -0.9952 0.0978
 0.4304 -0.8880 0.1616
 0.2134 -0.9475 0.2380
 0.2638 -0.9510 -0.1615
 0.3890 -0.9089 -0.1506
 -0.0131 -0.9757 -0.2188
 0.2332 -0.9686 -0.0859
 0.0507 -0.8863 0.4604
 -0.1937 -0.9731 0.1250
 -0.1625 -0.9825 0.0914
 0.2396 -0.9107 0.3365
 0.2389 -0.9088 -0.3421
 0.0205 -0.8284 -0.5597
 0.1228 -0.9276 -0.3528
 -0.9536 -0.2354 0.1877
x=\left[-0.644048,-0.461402,-0.524141,-0.611133,-0.171789,-0.142388,-0.133062,-0.037062,-0.696865,-0.100385,-0.211859,-0.159077,-0.275846,-0.348929,-0.552591,-0.638669,-0.400618,-0.128218,-0.112633,-0.152890,-0.190903,-0.582663,-0.268292,-0.367447,-0.226336,-0.116456,-0.220657,-0.112312,-0.149013,-0.095840,-0.336900,-0.203137,-0.089304,-0.130857,-0.080010,-0.137053,-0.422100,-0.474104,-0.669237,-0.646944,-0.721396,-1.250011,-1.376742,-1.382142,-1.289179,-1.928173,-1.914681,-1.220998,-0.509501,-1.113468,-0.437726,-0.513037,-0.502310,-1.218139,-1.243844,-0.045317,-0.031957,0.008015,-0.072041,-0.021906,-0.031179,0.004222,-0.003582,-0.057946,-0.055459,-0.063429,-0.061722,-0.093981,-0.057772,-0.078146,-0.060363,-0.143517,-0.141643,-0.150991,-0.168106,-0.168864,-0.147491,-0.031384,-0.015094,0.027158,-0.024564,-0.022073,0.008898,-0.008349,-0.006887,-0.006946,-0.016416,-0.012740,-0.037815,-0.027962,0.646942,0.407980,0.500148,0.615251,0.033485,0.011258,0.101766,0.695470,0.024112,-0.122284,0.211500,0.355035,0.399052,0.531619,0.550879,0.684767,0.372880,0.379548,0.083120,0.085710,0.030332,-0.100295,-0.137523,0.324237,0.240179,0.054103,0.269275,0.286054,0.019116,0.011289,-0.026032,0.023966,0.014407,0.271801,-0.082225,-0.041802,-0.055538,-0.049032,-0.053208,-0.050424,-0.004312,-0.052904,-0.050216,-0.178920,0.047073,-0.045685,-0.023994,-0.006705,-0.024448,-0.012959,0.096442,0.030709,-0.026973,-0.021649,-0.028415,0.660061,1.221084,0.656918,0.643754,1.208093,1.384068,1.394689,1.250030,1.858086,1.871918,1.152335,1.094992,0.450489,-0.067313,-0.024255,0.577876,0.336505,0.488511,1.231575,1.160356,-0.179584,-0.9856,-0.9912,-0.9975,-0.9989,-0.9912,-0.5506,-0.8011,-0.5624,-0.4335,-0.9784,-0.4033,-0.1997,-0.7912,-0.7729,-0.9769,-0.9234,-0.9994,-0.6402,-0.5338,-0.6169,-0.8784,-0.9854,0.3795,-0.9785,-0.2833,-0.4077,-0.5908,-0.3863,-0.5683,-0.0842,-0.5020,0.9418,0.9947,0.9967,0.9973,0.9903,0.9942,0.5665,0.7929,0.5558,0.2930,0.5404,0.0118,0.2978,0.9940,0.3962,-0.0603,0.9578,0.8998,0.9603,0.9427,-0.9999,0.9599,0.9857,0.6082,-0.9998,0.5874,0.7224,0.9793,0.5838,0.2841,0.4479,0.6611,-0.3666,0.0768,0.7664,-0.0292,0.0839,0.9332,0.4790,-0.9863,-0.9214,-0.9759,-0.9925,-0.9980,-0.9974,-0.9968,-0.9968,-0.9482,-0.9865,-0.9845,-0.9189,-0.9539,-0.6388,-0.2992,-0.7110,-0.8566,-0.4557,-0.2516,-0.8541,-0.6303,-0.3522,-0.6047,-0.0467,-0.2005,-0.5766,-0.5504,-0.2863,-0.8754,-0.9445,-0.8642,-0.0915,-0.5645,-0.7874,-0.0407,-0.9270,-0.1886,-0.7934,-0.8141,-0.8228,-0.6308,-0.6322,0.0281,-0.9900,-0.1441,-0.3374,-0.3822,-0.2680,0.2515,0.2624,-0.1566,-0.9171,0.0398,-0.1110,0.9993,0.9780,0.9882,0.9985,0.9970,0.9861,0.9473,0.9820,0.9577,0.4176,0.9758,0.9294,0.9331,0.9075,0.6319,0.6226,0.7056,0.7600,0.4153,0.4166,0.4312,-0.1220,0.3572,0.3769,0.2600,0.0346,0.6298,0.2107,0.1753,0.9152,0.8226,-0.2930,0.3843,0.5068,0.5603,-0.9998,0.0002,0.7910,-0.9994,0.9166,-0.9999,-0.9997,0.9996,0.1481,-0.9997,0.6461,0.3740,0.8736,0.5180,-0.1038,-0.3780,0.3678,0.4463,0.2969,-0.2089,0.1135,0.1148,0.2051,-0.1518,0.2645,-0.2403,-0.5762,-0.3522,0.9509,-0.6852,0.0183,-0.4800,-0.0554,-0.3432,-0.1325,-0.1390,-0.9176,-0.3382,-0.6225,-0.0667,-0.2287,-0.2352,0.3378,0.8730,-0.0749,0.4350,0.4469,0.0772,0.9139,-0.3143,0.4003,0.6856,-0.2649,0.1116,-0.3340,-0.4576,-0.3900,-0.2497,-0.1659,-0.3915,0.0221,-0.1982,0.0384,-0.0793,-0.6026,0.1770,0.1229,-0.2679,0.0058,-0.1491,-0.1131,0.3970,-0.0211,0.6071,0.2086,-0.0074,0.4304,0.2134,0.2638,0.3890,-0.0131,0.2332,0.0507,-0.1937,-0.1625,0.2396,0.2389,0.0205,0.1228,-0.9536\right]
y=\left[0.481907,0.316249,-0.557621,-0.586431,-0.009649,-0.284799,0.204726,-0.876856,-0.254531,-0.726813,0.834330,0.292408,0.170081,-0.468936,0.242234,-0.138905,-0.333382,0.716686,0.864079,-0.343176,0.476108,-0.106232,-0.633645,-0.687642,0.700233,0.392210,0.259170,0.088587,0.213274,-0.432039,-0.490400,0.759545,0.382122,-0.453767,1.596725,1.193469,-0.545012,-0.425884,-0.474820,-0.377358,-0.628735,-0.686571,-0.659290,-0.504320,-0.552267,-0.795068,-0.761187,-0.081545,-0.257157,0.096595,0.157354,-0.212404,-0.114682,0.061141,-0.059758,0.255911,-0.519210,0.774494,-0.627354,0.761823,-0.715312,-0.740226,0.876989,0.090525,-0.329395,0.073358,-0.383961,0.378661,-0.461712,0.184085,-0.792390,0.788887,0.426030,0.557501,0.868048,0.799768,0.279809,0.427261,-0.598014,-0.658619,0.558641,0.465915,-0.554286,0.263631,-0.543958,-0.102285,-0.352117,-0.303442,-0.097099,-0.260159,0.481050,0.318206,-0.556778,-0.586321,0.009804,-0.949250,-0.271365,-0.256630,-0.784578,0.833991,0.168895,-0.540952,-0.409977,0.243090,-0.384717,-0.118734,-0.323163,-0.254976,0.716769,0.885077,-0.336957,0.476777,0.292834,-0.709887,0.724878,0.392210,0.341944,-0.473936,0.113255,0.220632,0.183125,-0.321831,-0.458519,-0.434090,0.771718,0.321392,0.206545,0.415948,0.405353,0.508845,0.349544,0.574361,-0.437996,-0.537079,-0.455844,-0.601597,1.021148,1.102113,1.229298,1.424575,1.200826,1.661232,1.459114,1.715257,1.728941,-0.634465,-0.011384,-0.485650,-0.377181,-0.693952,-0.690527,-0.533126,-0.560290,-0.829871,-0.804321,-0.080471,0.105046,0.157905,-0.151082,0.084812,-0.185803,-0.106684,-0.116812,0.021078,-0.125109,0.428656,-0.1646,-0.0647,-0.0662,-0.0453,-0.0945,0.8294,0.5948,0.7935,0.8709,0.1408,0.8842,0.9340,0.3959,0.0738,0.1701,0.3520,-0.0251,-0.1293,-0.4114,-0.3486,0.4766,0.1589,-0.9180,0.1976,0.9418,0.8852,-0.4457,0.1188,0.0983,0.9623,-0.8588,-0.2758,-0.0624,0.0661,-0.0208,0.0315,-0.0564,0.8222,0.5972,0.7954,0.8220,0.1863,0.9230,0.9122,0.1091,0.8844,-0.8458,0.1767,0.3909,0.0302,0.2412,0.0001,0.2654,0.1491,-0.1309,0.0044,-0.3532,0.6913,0.1229,-0.3511,0.9467,0.0686,0.0384,-0.1506,0.9588,0.6286,-0.9676,0.9172,-0.2096,-0.8773,-0.0674,-0.3653,-0.1975,0.0231,-0.0545,0.0354,0.0284,-0.0292,0.0995,0.1073,0.1528,-0.3338,0.2165,0.7576,0.8913,0.6124,0.5012,0.8783,0.8200,-0.0189,0.1838,0.8971,0.7934,0.9227,0.9672,-0.6892,0.7588,0.9454,-0.2941,-0.0389,-0.4965,0.9420,-0.6823,-0.4176,0.7076,0.2533,0.2946,0.5637,0.3877,0.3927,0.4918,0.5524,-0.2921,0.1131,0.7926,0.9292,0.2374,0.9507,-0.2031,-0.1339,0.9380,0.2502,-0.9723,0.9903,0.0037,-0.1723,0.0350,0.0269,0.0213,-0.0359,0.0918,0.1072,-0.2687,0.8672,0.2064,0.2857,-0.2097,-0.4154,0.7588,0.7406,0.6111,0.6388,0.8896,-0.9086,0.8967,0.0855,0.8939,0.9180,0.9512,-0.8109,0.7257,0.8908,0.9719,-0.2838,-0.0688,-0.8738,0.8745,-0.6883,-0.4954,-0.0045,0.7055,0.5023,-0.0224,0.3417,-0.0001,0.0001,-0.0282,0.2959,0.0016,0.5527,0.5521,0.3820,-0.4072,-0.2792,-0.9202,0.9162,0.2088,0.9383,-0.1515,0.9416,0.9788,0.9371,0.9447,0.9173,0.9001,0.7784,-0.9337,-0.3036,-0.7047,-0.9795,-0.8719,-0.9747,-0.9276,-0.9868,-0.9846,-0.3922,-0.9283,-0.7596,-0.8708,-0.9301,-0.9713,-0.9372,-0.4777,-0.9856,-0.9001,-0.8938,-0.9966,-0.3964,-0.9369,-0.8710,-0.7160,-0.8428,-0.9866,-0.9410,-0.8814,-0.9069,-0.8640,-0.9861,-0.9117,-0.9933,-0.9795,-0.9730,-0.8932,-0.7627,-0.9734,-0.9861,-0.8877,-0.8576,-0.9769,-0.9665,-0.9149,-0.9943,-0.7517,-0.9592,-0.9952,-0.8880,-0.9475,-0.9510,-0.9089,-0.9757,-0.9686,-0.8863,-0.9731,-0.9825,-0.9107,-0.9088,-0.8284,-0.9276,-0.2354\right]
z=\left[1.116842,-0.573003,-0.075032,0.895250,-3.092092,-2.672178,-3.690765,-3.734032,1.543444,-3.491621,-5.471149,-5.083398,-1.213703,-1.185352,2.311461,2.279988,3.156136,-0.012374,0.858510,-3.213619,-5.013201,3.826624,-0.373728,1.192674,1.635550,-1.147960,2.868932,-2.691653,-2.338811,-3.653583,2.791965,-4.951908,-2.567450,-1.804915,0.257396,0.128535,-0.820533,-0.787258,1.613839,0.827360,-1.138973,0.904148,1.338951,1.316547,0.864913,0.747216,0.976988,3.428451,3.521129,2.716289,2.893328,3.238441,2.913718,2.997090,2.975561,-2.085453,-1.742083,1.623984,1.539553,-0.030365,0.074822,1.051144,0.972256,-2.939843,-2.750458,-3.287601,-3.108677,-3.949024,-3.715060,-3.630967,-3.466711,-4.980702,-4.941210,-5.138430,-5.499491,-5.515495,-5.064617,-1.162047,-1.111564,-0.529416,-0.680417,2.350890,2.288719,2.992345,2.964910,2.947014,3.248177,3.131270,3.928744,3.615392,1.107586,-0.580456,-0.109932,0.889469,-3.260852,-3.765743,-2.218136,1.544436,-3.480127,-5.477046,-1.221259,-0.843074,-0.815369,2.333779,2.553771,2.316945,3.166732,3.578857,-0.016269,0.854183,-3.203356,-5.020225,-5.086531,0.855569,1.640475,-1.150426,2.444487,-1.193795,-2.739037,-2.277161,-3.660618,-2.661951,-3.704198,2.030168,-5.005684,-2.233902,-2.773943,-2.332307,-2.608995,-2.423882,-2.445791,-2.589565,-2.410984,-1.148157,-1.809147,-2.119186,0.062377,0.739757,0.027222,0.503966,0.125890,0.077398,-0.098940,0.113045,-0.230983,-1.131163,2.956378,1.619165,0.820204,0.851474,1.269598,1.252154,0.812799,0.614207,0.845037,3.500897,2.779430,2.910486,3.142466,3.497485,3.191030,3.870667,2.945335,3.171064,3.234231,2.356463,-0.0388,-0.1155,0.0265,0.0102,0.0932,0.0943,-0.0675,-0.2326,0.2317,-0.1515,-0.2355,0.2962,-0.4660,-0.6302,-0.1295,0.1530,0.0221,-0.7573,-0.7388,-0.7056,0.0362,-0.0611,-0.1153,0.0589,-0.1813,-0.2239,0.6725,0.9147,0.8169,0.2587,0.1023,-0.1924,-0.0820,-0.0477,-0.0709,-0.1354,-0.0919,0.0562,-0.1211,-0.2418,0.4883,-0.8205,0.3847,0.2813,-0.0085,-0.2468,-0.5301,-0.2265,0.1937,-0.2774,0.2304,0.0150,0.0906,0.0791,-0.7829,0.0198,-0.7282,0.0133,-0.1608,0.7321,-0.1521,0.8915,0.7493,-0.9181,0.2733,-0.1325,-0.2506,0.3895,0.2920,0.0301,-0.1504,-0.1323,-0.0934,-0.1200,0.0325,-0.0635,-0.0744,-0.0749,-0.3018,-0.1237,0.0861,0.2105,0.2079,-0.1343,0.3407,-0.3456,-0.1224,0.1449,0.5141,-0.5198,-0.7543,-0.2669,-0.0699,0.3827,-0.1558,-0.4388,0.3481,0.1558,0.3837,-0.3263,0.0815,0.3228,-0.4644,0.4534,0.7054,-0.2764,-0.9368,0.2299,0.4324,0.4109,0.6002,0.5434,-0.9560,0.0842,0.5925,-0.1509,0.8930,-0.1561,-0.9463,-0.9556,0.3092,-0.3103,-0.2304,0.0837,-0.0379,-0.1177,-0.1490,-0.0487,-0.0747,-0.1624,-0.3068,-0.1555,0.1031,-0.2713,0.0719,0.2337,0.2921,0.0619,-0.1579,0.2529,-0.3587,-0.1198,0.1898,0.0303,0.0999,-0.9888,-0.2708,-0.1235,-0.1663,-0.5842,0.2769,0.4025,0.1573,0.2860,-0.5645,0.3882,0.2959,-0.5190,0.6638,0.0217,0.7088,-0.3492,0.0254,0.2076,0.0151,0.0249,0.0025,-0.9437,0.0233,0.5264,0.7452,0.3014,-0.7522,-0.9546,-0.1015,-0.1590,0.8702,-0.1774,-0.9661,0.3172,0.1698,0.2826,0.2908,0.2977,0.3634,0.2493,-0.0640,-0.0600,0.1840,-0.2006,0.0966,0.2166,0.1473,-0.0931,-0.1058,-0.0642,-0.1548,0.1886,-0.4872,-0.2875,-0.0349,-0.0871,-0.0987,0.1514,0.0239,0.0389,-0.0282,-0.0871,-0.1531,-0.2848,0.1315,-0.4684,-0.1189,-0.0552,0.1174,-0.1595,0.4373,0.0112,-0.1243,0.1133,-0.0354,-0.2277,0.4426,-0.2347,0.1456,0.1117,0.3744,-0.5142,-0.1528,-0.2302,-0.0728,0.1050,-0.2579,0.1908,0.0978,0.1616,0.2380,-0.1615,-0.1506,-0.2188,-0.0859,0.4604,0.1250,0.0914,0.3365,-0.3421,-0.5597,-0.3528,0.1877\right]